28.0 32.6 22.2 27.4 32.9 26.3
22.5 31.4 23.1 34.2 23.0 30.4
24.7 32.3 22.5 23.8 34.5 25.5
21.3 26.0 27.1 28.9 31.6 31.5
26.3 32.0 23.9 21.1 22.8 29.4
26.1 22.4 22.8 21.0 27.1 21.0
28.1 30.7 28.5 29.8 22.2 28.4
22.9 25.7 21.3 32.6 24.2 28.7
21.7 28.7 31.6 33.8 34.6 21.3
29.7 31.6 28.8 33.3 21.1 22.1
26.5 22.2 23.8 30.4 26.2 30.5
34.0 33.3 23.7 31.8 21.0 29.0
25.5 27.0 32.0 33.4 27.5 28.7
22.7 28.4 26.5 22.2 26.9 23.6
28.4 30.5 26.6 33.3 33.8 23.6
30.1 30.2 27.6 32.3 22.2 28.3
32.3 23.3 24.6 21.0 34.1 27.6
27.3 24.6 24.8 20.8 33.3 30.2
23.7 20.4 20.4 22.6 32.3 34.0
22.0 29.0 21.5 29.7 22.6 31.6
34.6 29.6 26.9 25.6 34.3 26.3
34.9 35.0 31.4 31.7 21.1 34.9
24.8 26.1 22.9 31.1 25.0 34.1
21.2 33.8 23.9 33.6 33.7 22.9
30.7 23.9 30.3 22.2 30.5 33.5
23.1 21.4 21.9 29.2 25.2 20.4
34.8 25.4 27.0 31.9 28.8 31.5
27.9 20.5 21.2 27.5 31.4 30.2
29.6 28.3 28.7 27.4 24.0 34.6
26.1 20.5 24.0 30.2 20.1 30.3
24.6 31.0 31.1 33.0 20.2 21.6
20.8 24.4 31.4 31.2 22.4 21.8
34.8 22.6 28.3 31.7 25.8 31.7
23.9 31.8 34.7 23.1 30.0 25.7
26.8 24.9 23.9 32.3 22.5 34.9
24.1 20.8 30.8 21.7 20.0 20.8
34.4 28.0 24.5 24.0 26.9 22.5
23.8 25.1 24.1 28.7 26.7 25.1
32.0 28.9 33.1 27.9 21.6 34.3
24.8 24.2 29.4 28.2 25.5 29.4
26.5 34.6 33.7 26.4 22.2 21.3
34.7 32.5 23.3 32.6 29.3 21.7
24.0 25.4 26.6 29.4 29.8 34.0
27.9 24.1 30.8 24.0 25.0 28.2
27.9 28.1 24.0 27.8 33.6 32.0
30.5 27.6 30.3 22.2 32.2 28.1
21.7 34.5 31.2 20.8 20.3 23.4
29.3 25.5 24.8 27.2 34.8 34.3
31.3 34.6 25.6 20.7 21.9 25.0
30.4 21.6 34.0 25.9 20.9 24.2
27.0 34.5 20.1 23.7 27.4 29.7
24.3 21.1 33.8 27.1 34.5 30.0
27.3 27.4 21.9 24.5 33.3 27.0
33.3 24.9 23.0 20.4 20.0 22.7
30.3 27.0 21.5 29.5 25.5 27.0
21.5 34.5 28.8 31.0 28.7 23.1
28.6 33.2 29.5 26.0 21.9 27.0
33.0 26.4 30.6 27.2 24.7 31.9
33.5 23.1 27.8 28.7 25.1 20.1
30.6 34.0 28.6 26.0 26.5 28.3
28.0 30.3 26.5 29.3 26.7 28.0
27.6 27.7 23.5 23.8 27.1 24.7
21.4 30.1 31.1 23.7 24.5 32.5
33.1 32.0 22.2 31.2 34.2 21.1
21.2 26.7 24.1 32.4 31.8 24.9
25.3 27.9 33.3 33.7 24.7 30.0
28.9 28.3 29.2 34.8 21.3 33.8
25.1 25.2 21.6 24.9 21.6 28.1
26.3 23.0 33.8 30.9 21.3 26.7
22.5 23.1 23.8 26.2 25.8 31.6
31.1 28.2 26.4 33.3 24.7 28.5
29.1 28.9 27.0 27.3 34.3 24.6
30.8 31.1 23.5 24.3 29.6 26.6
27.2 29.8 23.1 20.1 26.5 20.2
25.5 29.8 26.4 29.8 29.9 33.2
30.6 30.5 30.1 29.7 20.2 24.2
25.5 25.5 23.1 26.9 22.5 23.3
22.1 34.0 31.1 25.6 31.5 24.1
27.8 23.4 23.8 25.0 24.9 20.3
21.6 32.4 34.5 35.0 26.1 30.3
34.8 27.6 29.2 21.6 31.0 28.6
34.4 30.6 32.3 33.1 23.3 24.7
24.6 21.5 32.0 23.3 23.0 28.3
23.1 22.6 29.4 34.7 28.9 28.4
31.2 32.6 30.0 22.8 26.0 27.7
29.4 32.6 25.4 29.4 29.3 24.3
28.0 25.6 28.8 26.3 32.5 30.6
22.3 31.6 24.4 28.5 23.1 28.7
26.1 28.7 24.4 28.0 32.9 34.8
26.0 34.0 23.8 31.6 25.6 24.3
31.7 25.8 27.7 34.4 30.7 30.9
31.0 33.2 32.4 29.3 30.5 32.9
28.2 29.9 20.5 26.0 32.1 20.1
33.4 28.7 33.5 33.7 33.9 23.5
25.0 25.4 24.7 25.5 28.5 29.8
20.5 20.2 23.5 26.7 34.5 31.6
26.7 32.3 32.2 21.1 30.7 24.2
25.2 30.7 20.3 24.1 29.2 34.8
30.7 20.7 28.8 24.0 22.1 33.7
30.1 28.5 26.1 26.2 23.6 31.0
29.7 24.9 21.0 32.6 23.7 23.1
24.2 29.4 33.3 32.5 26.6 25.2
28.7 31.1 25.7 34.8 30.6 28.0
30.8 22.7 27.6 26.0 32.8 33.1
20.7 33.5 30.7 32.4 31.5 26.2
32.6 25.3 33.5 35.0 27.4 24.9
32.6 22.1 22.7 23.3 22.6 26.3
33.7 34.2 30.1 31.3 28.9 25.6
23.7 33.7 31.5 27.5 25.9 27.2
28.1 21.0 28.4 26.3 21.9 26.4
26.3 25.7 21.9 26.9 29.4 28.1
31.5 23.0 20.9 27.9 26.4 33.0
26.1 24.5 23.6 23.1 30.8 22.7
26.4 34.5 25.7 32.8 27.5 21.8
22.5 32.0 26.3 24.0 24.0 22.3
30.6 25.1 20.4 28.2 20.6 28.0
24.1 23.8 30.3 23.9 30.6 27.2
32.7 29.6 22.1 30.7 27.2 28.6
31.4 33.7 25.2 28.8 26.2 27.6
26.0 30.5 20.8 20.1 33.5 32.8
25.5 31.4 21.1 27.4 21.8 34.8
33.9 34.9 33.9 31.2 26.9 34.6
34.8 34.2 26.7 32.4 25.0 25.7
20.1 25.4 31.8 35.0 26.1 26.3
21.5 33.1 27.3 22.7 25.7 31.6
21.9 21.2 20.1 24.9 26.2 33.9
31.3 25.4 33.7 30.9 27.7 25.7
23.9 21.3 33.0 34.4 26.7 23.6
22.6 33.7 30.6 20.9 25.2 34.1
29.7 25.4 23.1 22.8 27.6 28.8
27.2 20.2 25.9 26.2 25.3 23.3
29.4 27.9 22.7 22.1 32.3 26.2
29.5 26.7 30.4 28.4 33.4 26.7
24.2 20.3 27.0 22.8 23.2 24.7
26.4 21.9 25.4 30.2 20.7 27.7
28.8 32.8 29.7 24.1 28.0 21.4
22.1 23.2 31.4 23.8 23.3 30.7
26.0 21.3 29.4 33.4 28.4 34.9
29.5 20.6 28.6 24.6 31.2 28.8
27.8 25.3 28.6 27.4 27.8 32.4
21.0 20.8 21.8 33.3 22.9 33.2
26.2 24.6 21.4 34.8 34.6 28.7
30.8 34.9 21.7 33.0 27.3 26.6
28.7 34.1 25.9 23.9 21.0 25.9
28.8 25.7 23.1 25.9 30.5 22.4
31.2 32.4 30.8 34.9 27.5 29.2
29.4 20.2 25.4 29.4 20.2 33.9
20.0 22.0 24.2 32.9 30.9 34.8
31.2 30.2 23.0 28.5 33.0 33.4
27.6 29.2 20.5 32.5 23.8 30.3
25.7 26.5 28.8 20.1 30.8 28.3
29.7 27.2 29.1 31.7 28.1 26.4
34.1 23.3 25.4 31.7 25.5 27.1
21.8 34.7 33.4 25.6 34.5 33.0
20.4 33.0 20.4 34.6 27.9 24.5
30.2 29.2 29.5 28.1 23.1 21.2
21.0 20.9 24.2 20.5 34.1 22.9
25.5 28.3 21.8 30.2 32.6 23.3
23.6 29.2 33.0 34.6 32.7 31.4
28.3 26.6 21.3 31.3 28.8 20.1
28.4 22.4 23.1 32.2 27.2 20.2
31.7 24.5 26.1 29.1 20.0 34.9
24.3 24.3 27.0 26.9 28.7 34.6
33.2 34.0 32.6 25.5 32.4 21.2
23.3 34.2 32.4 25.5 26.9 26.6
22.0 29.3 21.2 27.3 32.2 30.8
30.0 25.1 26.6 28.6 25.6 25.0
28.4 31.9 29.2 33.7 20.6 33.9
21.2 33.0 24.6 24.4 31.8 21.8
24.2 28.4 33.6 29.6 21.9 21.8
25.6 25.2 21.4 23.3 26.3 27.5
31.7 23.4 31.2 31.2 20.4 28.8
21.8 31.4 27.1 27.6 22.0 34.9
24.0 27.7 28.7 26.7 33.2 22.5
25.1 33.1 29.8 26.8 29.4 21.9
20.5 23.8 21.4 27.2 27.7 24.4
27.3 25.3 31.0 34.9 31.1 28.9
24.7 29.3 21.9 21.8 22.0 29.6
20.6 25.5 31.6 33.4 31.2 31.1
22.0 22.2 34.7 29.2 28.2 34.6
22.1 33.0 24.1 26.7 27.2 33.7
29.5 21.5 34.3 29.7 24.4 31.2
28.9 24.3 20.3 33.8 34.4 27.8
28.8 22.9 23.8 34.7 30.3 29.1
25.5 30.9 27.1 25.6 30.0 29.3
33.5 29.2 29.2 29.4 26.0 23.2
30.6 25.5 20.8 22.8 27.7 20.2
20.7 33.4 23.7 31.6 26.6 32.8
34.2 31.2 26.1 24.9 28.5 20.7
27.8 24.5 34.4 30.6 27.8 22.1
25.8 20.5 20.7 20.0 26.5 34.0
31.7 27.4 28.5 31.0 22.5 22.8