174 96
189 85
185 110
195 92
180 104
147 92
154 88
174 93
169 103
158 81
192 90
151 110
193 79
157 95
140 110
174 96
189 85
185 110
195 92
180 104
147 92
154 88
174 93
169 103
158 81
192 90
151 110
193 79
157 95
140 110
174 96
189 85
185 110
195 92
180 104
147 92
154 88
174 93
169 103
158 81
192 90
151 110
193 79
157 95
140 110
174 96
189 85
185 110
195 92
180 104
147 92
154 88
174 93
169 103
158 81
192 90
151 110
193 79
157 95
140 110
174 96
189 85
185 110
195 92
180 104
147 92
154 88
174 93
169 103
158 81
192 90
151 110
193 79
157 95
140 110
174 96
189 85
185 110
195 92
180 104
147 92
154 88
174 93
169 103
158 81
192 90
151 110
193 79
157 95
140 110
180 104
147 92
154 88
174 93
169 103
158 81
192 90
151 110
193 79
157 95